image: ./candy_kingdom_map.pgm
resolution: 0.020000
origin: [-1.000000, -1.000000, 0.0000]
negate: 0
occupied_thresh: 0.65
free_thresh: 0.196

